 step            1
 -0.89999998     -0.20230475    
 -0.80000001     -0.33887106    
 -0.69999999     -0.42191172    
 -0.60000002     -0.46185622    
 -0.50000000     -0.46759346    
 -0.39999998     -0.44668865    
 -0.29999998     -0.40558323    
 -0.19999999     -0.34977704    
 -9.99999866E-02 -0.28399697    
  1.49011612E-08 -0.21235415    
  0.10000002     -0.13849251    
  0.20000002     -6.57301396E-02
  0.30000001      2.80426210E-03
  0.40000004      6.40370995E-02
  0.50000000      0.11481708    
  0.60000002      0.15178111    
  0.70000005      0.17121661    
  0.80000001      0.16891921    
  0.90000004      0.14004333    
   1.0000000      7.89427459E-02
 step            2
 -0.89999998      0.14645064    
 -0.80000001      0.23227793    
 -0.69999999      0.27295640    
 -0.60000002      0.28073013    
 -0.50000000      0.26518789    
 -0.39999998      0.23375103    
 -0.29999998      0.19209334    
 -0.19999999      0.14450081    
 -9.99999866E-02  9.41837803E-02
  1.49011612E-08  4.35506701E-02
  0.10000002     -5.54799568E-03
  0.20000002     -5.15975356E-02
  0.30000001     -9.32118297E-02
  0.40000004     -0.12893279    
  0.50000000     -0.15703113    
  0.60000002     -0.17530063    
  0.70000005     -0.18083878    
  0.80000001     -0.16980751    
  0.90000004     -0.13716577    
   1.0000000     -7.63650388E-02
 step            3
 -0.89999998     -0.11762653    
 -0.80000001     -0.17850286    
 -0.69999999     -0.20025514    
 -0.60000002     -0.19604312    
 -0.50000000     -0.17550781    
 -0.39999998     -0.14554141    
 -0.29999998     -0.11091714    
 -0.19999999     -7.48021677E-02
 -9.99999866E-02 -3.91791463E-02
  1.49011612E-08 -5.19602885E-03
  0.10000002      2.65376903E-02
  0.20000002      5.56928739E-02
  0.30000001      8.19864050E-02
  0.40000004      0.10495617    
  0.50000000      0.12373370    
  0.60000002      0.13680026    
  0.70000005      0.14171296    
  0.80000001      0.13478699    
  0.90000004      0.11071794    
   1.0000000      6.21255301E-02
 step            4
 -0.89999998      9.85655487E-02
 -0.80000001      0.14355171    
 -0.69999999      0.15413728    
 -0.60000002      0.14395632    
 -0.50000000      0.12243872    
 -0.39999998      9.58599150E-02
 -0.29999998      6.81637749E-02
 -0.19999999      4.16034646E-02
 -9.99999866E-02  1.72423832E-02
  1.49011612E-08 -4.65128012E-03
  0.10000002     -2.42875535E-02
  0.20000002     -4.20907289E-02
  0.30000001     -5.84664084E-02
  0.40000004     -7.35782981E-02
  0.50000000     -8.71164575E-02
  0.60000002     -9.80361179E-02
  0.70000005     -0.10424619    
  0.80000001     -0.10222498    
  0.90000004     -8.65368769E-02
   1.0000000     -4.92184721E-02
 step            5
 -0.89999998     -8.45701545E-02
 -0.80000001     -0.11824691    
 -0.69999999     -0.12136281    
 -0.60000002     -0.10775282    
 -0.50000000     -8.64979401E-02
 -0.39999998     -6.32462576E-02
 -0.29999998     -4.12107967E-02
 -0.19999999     -2.19153240E-02
 -9.99999866E-02 -5.75068872E-03
  1.49011612E-08  7.60929799E-03
  0.10000002      1.88917164E-02
  0.20000002      2.89743319E-02
  0.30000001      3.86717394E-02
  0.40000004      4.85300459E-02
  0.50000000      5.86055480E-02
  0.60000002      6.81998059E-02
  0.70000005      7.55226016E-02
  0.80000001      7.72507265E-02
  0.90000004      6.79442659E-02
   1.0000000      3.92732285E-02
 step            6
 -0.89999998      7.38592520E-02
 -0.80000001      9.91487354E-02
 -0.69999999      9.70658287E-02
 -0.60000002      8.14606622E-02
 -0.50000000      6.09857291E-02
 -0.39999998      4.06770892E-02
 -0.29999998      2.31088772E-02
 -0.19999999      9.22401063E-03
 -9.99999866E-02 -1.07330992E-03
  1.49011612E-08 -8.49738065E-03
  0.10000002     -1.40801147E-02
  0.20000002     -1.89466327E-02
  0.30000001     -2.41307840E-02
  0.40000004     -3.03969365E-02
  0.50000000     -3.80378813E-02
  0.60000002     -4.66150194E-02
  0.70000005     -5.46046458E-02
  0.80000001     -5.89081310E-02
  0.90000004     -5.41740321E-02
   1.0000000     -3.18664201E-02
 step            7
 -0.89999998     -6.54795989E-02
 -0.80000001     -8.44330639E-02
 -0.69999999     -7.87066743E-02
 -0.60000002     -6.20360263E-02
 -0.50000000     -4.26002294E-02
 -0.39999998     -2.48499867E-02
 -0.29999998     -1.08012324E-02
 -0.19999999     -9.33172589E-04
 -9.99999866E-02  5.19836973E-03
  1.49011612E-08  8.54864717E-03
  0.10000002      1.03075970E-02
  0.20000002      1.17080165E-02
  0.30000001      1.38756707E-02
  0.40000004      1.76827535E-02
  0.50000000      2.35697981E-02
  0.60000002      3.12966146E-02
  0.70000005      3.95786241E-02
  0.80000001      4.55558449E-02
  0.90000004      4.40276228E-02
   1.0000000      2.63661742E-02
 step            8
 -0.89999998      5.88102341E-02
 -0.80000001      7.29172528E-02
 -0.69999999      6.46522194E-02
 -0.60000002      4.75455299E-02
 -0.50000000      2.92808823E-02
 -0.39999998      1.37560461E-02
 -0.29999998      2.49891868E-03
 -0.19999999     -4.38244594E-03
 -9.99999866E-02 -7.57788261E-03
  1.49011612E-08 -8.17943923E-03
  0.10000002     -7.43501401E-03
  0.20000002     -6.59228303E-03
  0.30000001     -6.78519113E-03
  0.40000004     -8.92055314E-03
  0.50000000     -1.35260597E-02
  0.60000002     -2.05154102E-02
  0.70000005     -2.88198628E-02
  0.80000001     -3.58227044E-02
  0.90000004     -3.65136564E-02
   1.0000000     -2.22526509E-02
 step            9
 -0.89999998     -5.34147173E-02
 -0.80000001     -6.37721866E-02
 -0.69999999     -5.37623800E-02
 -0.60000002     -3.66476662E-02
 -0.50000000     -1.96098257E-02
 -0.39999998     -6.02886174E-03
 -0.29999998      2.99421465E-03
 -0.19999999      7.64879305E-03
 -9.99999866E-02  8.79390165E-03
  1.49011612E-08  7.58524938E-03
  0.10000002      5.26183099E-03
  0.20000002      3.02632735E-03
  0.30000001      1.96753559E-03
  0.40000004      2.97957100E-03
  0.50000000      6.63628615E-03
  0.60000002      1.29725598E-02
  0.70000005      2.11150926E-02
  0.80000001      2.86883917E-02
  0.90000004      3.08959670E-02
   1.0000000      1.91402584E-02
 step           10
 -0.89999998      4.89782281E-02
 -0.80000001      5.64009733E-02
 -0.69999999      4.52189818E-02
 -0.60000002      2.83838119E-02
 -0.50000000      1.25793088E-02
 -0.39999998      7.03789527E-04
 -0.29999998     -6.51509734E-03
 -0.19999999     -9.50495619E-03
 -9.99999866E-02 -9.23693366E-03
  1.49011612E-08 -6.87960256E-03
  0.10000002     -3.61965690E-03
  0.20000002     -5.77887346E-04
  0.30000001      1.23430858E-03
  0.40000004      9.64923180E-04
  0.50000000     -1.97869004E-03
  0.60000002     -7.72821484E-03
  0.70000005     -1.55876102E-02
  0.80000001     -2.34160777E-02
  0.90000004     -2.66430210E-02
   1.0000000     -1.67505853E-02
 step           11
 -0.89999998     -4.52713147E-02
 -0.80000001     -5.03694750E-02
 -0.69999999     -3.84288616E-02
 -0.60000002     -2.20619105E-02
 -0.50000000     -7.46549480E-03
 -0.39999998      2.90794647E-03
 -0.29999998      8.65708292E-03
 -0.19999999      1.03997169E-02
 -9.99999866E-02  9.17640422E-03
  1.49011612E-08  6.13384554E-03
  0.10000002      2.37953593E-03
  0.20000002     -1.06860953E-03
  0.30000001     -3.29437875E-03
  0.40000004     -3.50498734E-03
  0.50000000     -1.10692694E-03
  0.60000002      4.10983106E-03
  0.70000005      1.16100842E-02
  0.80000001      1.94783080E-02
  0.90000004      2.33741272E-02
   1.0000000      1.48841497E-02
